42 361
189 219
338 165
226 83
140 164
94 328
259 70
22 196
299 137
70 46
42 67
9 328
22 103
199 65
6 234
399 195
365 137
303 127
309 304
212 223
58 74
273 57
230 235
97 119
180 346
282 240
79 308
237 161
98 323
98 108
184 4
124 282
210 261
194 98
371 62
165 116
45 103
66 392
299 158
364 166
147 112
340 143
270 395
241 328
394 17
296 234
99 307
75 395
138 128
197 225
308 259
238 321
294 365
342 209
120 267
70 52
45 226
79 342
358 24
241 57
368 317
362 143
68 86
295 369
229 49
330 231
394 22
83 145
215 229
248 76
125 130
123 232
249 171
38 359
87 29
347 371
205 77
275 169
21 203
102 333
104 31
294 221
68 162
199 257
24 99
267 392
340 160
125 288
202 199
34 280
61 190
172 346
87 179
375 317
41 266
283 336
199 21
263 166
213 0
372 367
183 292
225 264
37 228
175 343
173 385
312 7
24 283
226 163
312 155
367 217
260 151
370 397
24 126
46 265
37 199
198 261
65 341
139 166
97 73
167 339
172 279
147 233
108 228
68 357
145 198
249 3
389 214
64 95
335 29
110 106
301 28
46 334
369 9
284 236
29 153
11 269
46 190
55 202
173 255
306 31
198 382
395 248
104 312
245 280
288 261
53 66
92 75
10 292
356 349
117 207
28 103
396 308
1 383
229 373
281 247
32 160
295 252
216 354
153 329
327 235
206 281
267 85
62 144
59 130
337 278
288 140
21 379
224 0
344 95
120 170
224 200
352 18
302 237
291 232
153 391
314 223
366 219
272 215
323 103
136 285
387 271
194 108
30 181
144 130
98 374
122 184
231 28
168 271
9 240
366 6
55 83
255 201
185 220
352 237
15 163
81 209
383 206
74 7
334 163
122 98
212 71
129 79
136 115
109 137
162 70
96 143
114 297
198 293
192 59
378 189
33 83
9 169
312 344
374 301
212 96
123 90
94 116
133 385
174 340
40 214
46 192
301 372
361 6
36 151
258 371
128 200
200 112
181 169
97 101
130 171
171 271
133 73
230 79
62 270
219 4
152 99
269 196
77 165
106 44
334 51
382 15
283 174
182 338
8 234
169 204
219 131
92 206
53 19
142 191
363 369
123 127
129 4
218 328
45 392
59 351
336 115
131 374
26 381
327 197
200 78
314 185
329 100
115 46
111 160
293 255
258 390
202 263
240 38
175 132
394 261
9 153
123 73
306 135
297 305
130 241
214 368
51 319
227 383
298 338
198 202
275 109
249 384
18 131
155 274
15 153
315 332
92 103
327 40
374 93
152 6
43 99
93 254
270 8
111 369
112 135
169 72
393 109
193 142
116 138
252 93
193 189
192 279
257 312
172 308
55 292
301 151
215 127
327 227
219 264
182 252
225 10
322 92
202 220
282 284
280 398
373 386
27 279
89 238
311 157
158 161
282 99
113 96
166 76
299 314
90 161
138 25
277 302
199 59
52 126
343 170
390 68
95 172
212 198
110 9
122 143
130 107
233 140
359 78
96 196
129 147
109 173
95 378
92 348
137 310
43 244
80 54
4 40
308 316
159 75
28 115
212 212
221 326
239 277
111 252
157 112
382 36
191 353
210 86
263 332
267 170
56 66
274 238
297 346
342 163
220 87
375 244
30 0
20 78
301 291
237 5
7 26
163 178
171 150
356 312
345 245
241 174
152 373
214 286
190 66
96 325
207 138
138 201
252 70
87 350
58 186
275 315
169 239
193 110
20 133
382 106
270 196
371 359
118 282
331 170
254 370
299 253
10 6
183 130
208 116
233 331
44 115
171 216
296 90
142 240
300 234
36 287
262 190
162 264
375 339
23 207
317 94
25 331
355 395
163 357
337 340
135 213
122 268
11 133
5 267
224 338
297 185
251 103
232 257
315 257
107 278
10 36
240 327
37 211
25 97
60 250
305 305
374 135
174 130
289 385
76 211
326 38
212 176
47 79
316 328
171 215
55 328
117 131
133 388
141 179
186 371
50 84
42 14
60 308
95 158
224 218
373 187
384 48
75 311
55 135
311 233
160 357
122 368
145 204
172 353
149 267
323 80
153 255
127 132
245 241
160 319
377 323
143 155
227 189
303 333
20 358
87 93
158 101
193 202
205 341
76 373
48 166
179 332
150 161
68 231
211 163
365 16
250 60
104 397
85 376
334 211
300 95
254 131
383 215
281 150
332 103
394 219
260 60
244 104
162 304
128 192
112 6
257 240
370 4
39 229
15 207
331 33
323 19
260 8
31 12
319 387
362 101
96 211
375 187
69 280
145 340
218 276
33 194
147 355
391 267
27 126
176 379
128 21
87 218
160 263
249 158
148 154
123 177
396 218
255 152
62 353
150 331
143 255
66 351
299 80
293 158
195 238
62 46
51 334
393 366
97 383
227 269
254 155
372 63
378 179
39 20
184 117
329 24
161 118
286 293
33 243
394 260
59 364
342 394
270 313
197 190
81 383
21 363
116 383
399 19
65 318
268 322
310 323
183 55
28 172
212 236
222 15
94 352
271 182
167 241
125 128
137 23
364 312
196 150
159 80
176 256
51 279
219 182
54 270
329 390
94 81
95 361
215 230
380 330
96 82
290 62
195 385
181 145
67 219
330 89
398 211
228 369
192 211
358 223
153 221
249 381
167 188
5 136
150 271
234 256
133 370
128 30
390 272
194 283
341 252
62 2
224 235
283 12
144 256
318 30
48 227
98 119
314 177
215 152
354 315
93 51
175 164
96 16
348 263
96 257
26 274
24 304
314 144
282 114
68 121
64 385
134 398
359 212
53 314
183 394
317 283
174 180
361 215
305 376
306 271
284 119
108 10
170 71
168 242
111 361
228 108
360 372
103 82
228 324
290 124
282 399
216 204
374 190
276 94
384 360
185 239
142 69
120 118
43 275
29 263
312 283
285 162
180 96
321 237
259 13
107 204
302 292
149 186
41 207
114 154
187 257
45 190
47 163
344 26
281 51
19 152
180 259
355 157
137 34
306 41
221 9
49 362
353 350
337 227
134 368
234 295
166 54
19 314
76 87
5 107
50 260
236 326
34 94
362 39
389 261
213 4
232 252
137 13
11 53
223 370
89 236
376 228
326 189
365 366
118 253
263 84
312 315
373 286
271 54
180 328
375 296
82 177
151 135
18 0
12 391
292 4
3 163
112 353
52 262
67 275
57 393
84 194
376 249
8 208
237 25
346 201
180 310
68 170
13 5
301 34
332 291
342 362
363 363
220 231
90 302
314 142
105 322
73 86
110 224
379 114
312 347
180 116
361 296
156 110
250 72
16 70
157 337
59 70
122 2
177 55
132 314
296 251
370 169
394 110
306 201
110 321
114 144
200 38
340 153
226 4
91 207
120 175
330 221
43 131
178 105
271 278
39 338
256 250
180 342
383 27
374 308
113 195
82 232
293 269
191 172
295 372
369 28
11 261
66 338
56 190
130 108
203 160
202 199
138 220
376 162
248 263
381 190
314 258
333 132
211 30
137 363
10 68
252 366
224 384
355 373
181 278
399 18
213 399
399 394
217 295
156 259
82 247
84 146
196 343
28 224
373 233
36 40
367 392
45 383
370 149
84 184
192 393
266 173
150 140
149 320
47 169
231 71
256 343
305 207
350 195
150 330
153 384
100 343
283 287
343 169
246 37
193 25
369 308
272 174
83 7
366 77
295 169
254 144
305 125
102 376
4 187
325 4
44 127
234 397
153 32
201 121
381 308
307 30
21 320
113 235
298 356
256 68
343 107
30 65
216 89
29 53
275 234
251 178
243 35
277 40
168 332
177 245
215 239
36 68
391 165
62 243
0 211
253 326
60 361
47 186
392 271
34 269
366 279
399 257
81 70
287 247
367 29
336 235
216 134
266 272
237 387
293 323
93 79
224 207
340 201
185 115
124 120
163 350
185 175
39 395
119 79
156 335
217 354
266 95
218 334
385 314
230 161
341 297
325 60
389 301
106 161
222 108
174 293
327 218
132 72
141 87
340 298
35 31
161 384
32 193
166 179
239 262
370 266
242 91
392 328
130 305
22 334
343 300
398 242
18 375
77 173
180 339
376 115
345 40
61 324
313 167
161 275
354 344
119 102
217 345
291 67
98 90
329 349
92 302
216 66
28 64
86 294
55 349
302 54
47 217
271 171
173 383
178 146
194 57
105 212
200 317
354 298
240 365
265 59
312 143
240 208
366 110
250 288
261 294
35 120
343 147
191 201
40 68
20 15
264 109
3 174
113 99
347 364
101 325
76 199
24 209
75 200
284 180
386 209
80 16
223 222
117 151
38 312
208 306
269 378
5 327
290 208
137 139
219 260
253 191
394 267
113 329
82 84
3 179
267 318
220 75
215 114
299 16
224 229
195 393
195 145
329 312
69 29
262 200
100 200
379 37
92 256
339 293
342 100
272 164
45 250
265 68
318 383
222 90
258 254
322 147
126 68
289 113
391 367
176 59
34 285
133 147
119 140
221 67
139 368
329 48
122 121
41 65
146 50
299 87
106 274
220 116
26 391
283 114
71 221
266 82
133 53
214 207
14 342
107 36
24 387
374 34
164 229
368 334
358 216
158 187
122 123
103 320
193 153
279 55
98 180
23 45
19 101
281 303
146 196
368 232
363 43
309 308
227 162
63 4
272 146
255 157
250 288
294 45
15 306
162 75
97 290
187 146
291 153
384 86
320 224
256 3
339 272
229 332
57 76
155 219
42 258
236 338
142 315
114 165
307 20
291 97
217 227
117 175
280 75
18 355
381 205
42 218
99 146
87 255
183 205
53 41
289 17
348 38
109 243
169 343
361 271
111 130
137 251
113 398
383 213
18 363
166 235
233 123
376 153
344 363
370 220
125 212
324 186
173 132
132 355
51 322
36 322
273 257
179 333
27 149
12 374
200 114
301 339
193 370
176 210
107 149
316 228
347 64
254 44
250 75
223 131
294 248
378 195
37 390
196 129
120 301
289 117
298 264
133 25
26 319
371 314
139 14
376 92
156 180
78 5
96 68
52 155
135 116
304 287
338 180
392 38
339 247
108 154
241 48
176 23
239 61
281 232
348 141
26 263
176 319
34 30
165 7
271 363
113 202
74 144
133 277
262 145
31 62
356 173
345 62
171 64
51 384
148 104
17 328
115 217
307 245
327 172
2 57
18 245
283 304
262 365
392 227
180 388
224 140
197 336
119 130
146 298
75 112
150 260
357 191
397 297
282 336
102 386
374 92
290 12
74 267
211 70
105 132
347 232
359 202
322 247
4 276
38 367
332 109
169 362
1 317
311 27
111 363
304 272
230 172
205 230
160 293
75 356
325 127
342 210
395 79
288 80
257 97
264 233
316 344
287 114
383 276
25 248
114 84
382 344
374 278
111 226
227 233
47 63
202 153
228 241
280 129
338 11
138 171
367 158
146 229
305 347
181 253
282 72
316 259
367 139
119 300
293 164
370 298
156 363
205 366
391 286
218 102
187 127
366 364
80 26
284 171
92 394
397 194
126 376
4 218
197 134
242 345
88 95
1 338
306 139
385 207
213 208
19 16
284 99
102 27
303 83
251 13
78 222
116 202
283 143
129 289
127 69
198 278
128 386
119 372
377 323
398 305
187 317
62 114
118 350
254 320
301 101
90 25
314 92
210 203
244 68
353 236
136 322
352 280
22 355
357 271
328 377
305 3
67 34
161 333
192 315
369 281
268 137
80 147
330 257
175 332
291 2
63 128
378 334
72 300
196 341
295 167
55 12
95 73
399 112
267 203
63 315
332 148
185 361
213 368
359 17
363 182
277 260
227 324
293 370
117 246
104 167
378 159
81 72
301 88
229 356
126 127
111 361
276 318
262 27
216 302
198 387
174 342
81 144
293 250
132 291
37 381
275 86
262 116
222 124
375 53
31 44
304 319
285 249
84 69
255 145
165 325
202 259
389 114
285 191
129 9
362 227
396 134
150 41
155 139
292 113
75 296
137 302
325 40
274 175
42 237
89 168
390 264
169 317
35 270
166 275
61 247
57 168
280 119
338 245
100 99
227 376
340 152
61 190
228 353
44 212
135 244
253 229
261 297
64 343
274 262
104 140
150 245
164 104
313 273
96 131
161 257
152 302
238 397
220 39
344 299
297 62
242 11
213 169
186 89
61 184
182 395
282 380
123 101
348 101
68 372
197 254
54 19
1 86
287 331
352 220
319 210
51 397
259 335
93 294
77 148
197 382
64 273
20 48
377 56
330 10
200 353
202 254
331 367
214 165
380 176
135 184
344 66
228 166
148 78
164 211
142 8
137 399
184 194
293 384
149 385
334 223
9 70
51 259
283 276
184 118
380 176
9 265
49 31
178 107
57 103
105 92
259 203
193 340
254 371
319 264
332 189
330 364
28 309
297 193
122 187
247 181
7 289
271 387
246 354
53 350
375 390
244 374
159 264
392 377
175 44
221 145
96 158
8 129
56 166
298 277
368 8
74 285
202 398
281 228
223 144
131 313
157 195
139 381
185 370
132 47
17 243
242 203
21 263
1 336
370 262
15 59
384 301
86 196
366 18
231 21
12 2
312 121
322 155
359 164
356 73
41 277
128 223
43 159
386 7
203 300
131 39
93 81
209 313
341 237
194 102
147 366
202 43
306 256
104 14
181 235
357 230
372 370
4 278
182 106
152 273
342 334
216 34
106 327
54 280
114 118
71 310
249 132
191 378
356 179
176 88
194 132
377 354
257 147
133 254
329 325
14 174
145 276
190 229
307 125
138 127
89 253
228 70
40 185
299 252
22 325
357 212
124 177
76 269
67 122
399 116
207 278
2 261
398 368
278 323
63 197
330 133
11 9
36 190
13 52
319 123
189 127
229 286
47 331
338 71
170 295
72 156
49 338
361 244
302 277
68 303
378 130
341 397
171 301
278 21
382 276
42 271
79 203
268 258
97 347
168 139
135 322
290 339
212 379
177 89
324 16
55 331
253 94
286 164
187 185
347 332
54 379
280 293
209 288
334 226
235 326
89 299
190 69
43 7
255 248
302 31
236 130
190 106
86 336
123 213
387 312
212 319
360 303
380 210
188 165
140 389
390 379
203 209
254 329
278 231
374 349
43 226
32 22
236 366
297 369
263 118
61 372
163 234
136 46
119 71
364 77
34 85
190 131
306 229
161 208
237 32
322 105
345 155
111 128
288 219
85 16
227 142
98 208
297 304
16 374
137 260
5 192
306 351
51 379
122 79
399 264
298 139
339 380
314 261
12 276
110 262
41 172
314 251
36 336
394 261
92 298
325 276
284 100
172 193
231 208
114 123
5 240
13 229
391 292
377 23
207 179
346 142
243 35
320 23
254 136
176 45
388 238
374 34
338 61
302 27
188 11
381 41
223 283
31 357
327 183
276 169
296 210
301 14
69 100
325 269
257 146
2 398
112 20
188 148
187 71
197 275
346 235
245 277
211 391
387 384
194 291
281 357
4 363
264 379
231 231
26 144
368 193
380 316
251 381
241 20
85 282
20 123
83 8
63 54
53 398
90 354
121 62
224 17
326 154
273 177
182 332
391 228
98 46
46 144
178 160
228 267
191 118
316 180
246 185
266 108
145 293
388 348
49 126
49 182
302 385
270 374
78 332
78 130
68 230
132 169
280 104
138 73
97 109
307 370
206 235
207 120
288 354
213 87
190 122
189 215
110 128
279 215
61 373
355 311
186 333
287 318
117 102
101 257
2 351
345 117
206 126
342 115
297 354
385 212
53 40
116 239
264 52
188 126
48 317
150 342
40 264
297 334
235 315
14 249
179 61
368 376
277 103
368 218
259 11
332 201
29 211
329 94
297 108
202 166
389 200
4 92
185 23
197 299
13 8
50 349
396 29
115 112
166 306
238 377
374 77
393 310
260 220
250 338
273 128
204 383
151 286
116 146
158 296
255 189
378 199
208 134
367 50
397 293
60 231
29 77
333 281
333 272
178 130
237 298
248 237
20 206
314 224
34 21
289 268
1 383
297 96
374 375
148 12
88 183
232 253
331 279
363 20
50 133
113 371
311 145
154 338
31 329
354 99
205 24
124 326
295 45
139 213
46 238
311 319
339 390
169 387
4 374
33 328
61 20
396 297
386 343
309 383
110 179
28 18
209 218
116 27
289 146
348 168
9 68
347 199
169 22
206 324
149 145
206 91
141 282
205 297
221 344
22 231
203 63
163 48
396 266
305 363
88 114
264 150
210 96
362 392
282 149
193 326
85 221
180 35
98 219
53 235
340 198
38 322
281 94
8 21
394 332
205 53
272 255
375 46
44 280
32 219
391 118
5 89
254 236
276 284
318 165
249 192
216 171
102 28
14 202
1 14
362 211
203 148
128 119
204 363
270 26
110 112
225 382
282 50
280 289
137 62
303 8
299 285
314 224
375 49
274 47
188 370
10 290
217 5
72 97
342 132
206 186
79 260
54 347
109 384
325 0
74 55
151 246
348 127
56 68
140 344
44 166
194 276
180 322
217 178
137 222
313 48
267 147
184 78
322 399
132 232
241 264
69 21
90 76
268 155
88 62
235 109
321 384
30 292
203 211
394 182
177 72
363 114
36 214
102 177
236 328
41 204
114 205
177 248
332 132
230 140
291 371
384 337
92 286
102 205
201 289
169 279
24 202
150 256
246 210
264 215
176 241
94 295
223 159
287 206
68 256
362 30
49 137
205 69
164 376
199 248
305 124
39 139
151 11
399 261
148 167
298 330
197 100
136 317
257 103
290 248
392 84
25 209
386 263
385 255
206 109
224 174
183 235
98 83
229 169
174 389
77 39
39 342
89 135
331 318
391 210
176 304
351 44
321 202
144 201
359 75
173 345
220 176
385 194
377 344
296 298
208 198
270 93
218 332
220 252
178 207
56 372
398 121
113 265
340 50
120 235
28 219
58 248
61 27
266 365
122 200
241 267
77 281
202 240
120 315
32 240
381 1
286 41
17 126
158 260
292 28
137 182
2 92
75 157
198 19
246 57
385 263
282 22
39 398
310 154
273 360
273 56
12 211
24 154
228 212
316 344
362 158
187 7
316 80
273 215
23 294
60 130
82 13
335 141
258 375
368 295
27 294
164 79
322 281
347 91
342 338
377 10
351 354
8 69
76 201
386 2
357 153
242 96
2 393
154 263
242 376
240 122
265 131
64 143
40 25
235 193
286 78
195 348
283 276
268 162
129 112
257 380
73 392
245 300
26 248
18 391
278 41
339 105
216 138
23 240
398 316
87 362
259 133
215 84
342 243
344 186
98 57
359 18
130 361
279 181
261 52
152 57
253 121
238 271
271 101
89 339
264 192
65 366
233 110
94 45
373 307
383 204
204 140
212 386
130 305
294 388
194 313
115 27
279 79
23 317
64 135
17 290
393 11
109 360
68 216
82 290
186 160
296 67
324 37
207 210
26 79
163 194
36 133
291 69
356 396
149 35
50 256
141 342
30 116
46 113
360 338
248 195
374 323
50 111
180 281
98 72
216 311
52 327
127 156
331 49
86 377
77 338
112 67
31 35
328 320
140 357
198 141
395 371
65 220
92 100
314 37
76 322
285 396
126 120
254 360
257 144
323 395
355 19
276 376
242 107
366 396
220 367
193 271
251 241
96 314
19 267
82 339
330 100
65 316
317 268
209 377
28 204
94 216
322 368
182 121
18 167
170 227
185 161
215 326
237 141
263 301
267 52
53 259
279 8
240 29
169 369
242 258
332 308
131 269
222 69
267 316
267 70
194 380
111 347
308 354
335 381
94 185
163 325
214 154
92 152
53 365
339 105
369 10
381 53
297 319
311 128
180 195
188 113
217 249
396 159
118 250
319 143
6 232
67 386
250 277
358 255
12 264
153 88
192 46
111 371
340 358
103 347
136 386
276 364
339 48
101 269
35 3
307 381
101 117
351 78
300 79
137 274
81 371
115 299
298 300
121 285
34 281
213 110
200 122
368 182
18 389
92 68
338 145
384 15
283 194
112 161
375 281
336 248
195 65
235 251
40 277
171 15
386 10
18 110
163 150
132 239
276 144
256 84
241 319
187 38
277 209
392 343
367 85
227 223
263 372
6 106
118 148
367 134
135 276
144 45
153 172
102 88
328 357
330 348
18 295
169 189
286 35
247 41
211 183
126 250
276 122
267 272
395 378
20 399
20 229
75 261
384 191
114 66
128 343
146 328
216 232
282 98
67 319
357 152
372 184
394 125
320 248
64 196
310 204
2 53
97 99
246 267
134 76
222 302
95 334
331 338
51 294
29 130
238 119
67 299
210 68
296 210
33 194
365 375
91 342
372 333
113 40
123 339
187 212
384 273
333 296
12 152
351 138
376 127
229 293
396 41
57 52
261 57
382 284
288 176
397 325
87 166
208 148
279 279
71 0
278 209
189 315
108 259
193 295
271 295
31 253
303 324
130 294
78 20
176 117
101 158
0 378
380 78
344 192
144 136
202 166
9 281
325 4
23 388
224 58
266 302
177 362
184 185
20 171
152 177
104 209
193 355
274 152
189 286
384 335
216 391
256 86
30 256
142 214
75 19
58 30
340 199
141 223
347 335
322 79
161 81
284 398
28 2
169 81
301 358
114 138
243 315
50 293
170 279
90 303
310 328
27 365
282 164
38 233
308 93
187 41
389 27
132 128
199 386
1 164
31 105
141 304
327 160
8 264
360 287
380 30
348 90
250 386
54 59
248 272
257 392
303 222
254 276
26 106
163 27
156 219
69 363
29 47
330 287
256 176
174 23
178 269
358 68
164 72
132 10
377 234
134 130
264 261
62 298
117 34
88 225
190 83
309 301
154 207
381 184
223 162
268 236
143 84
221 73
223 324
368 335
137 58
10 267
334 229
130 383
57 9
86 329
107 338
221 229
108 223
36 30
284 188
251 48
106 19
60 309
302 172
365 78
109 123
191 376
219 17
84 390
30 386
25 80
89 61
363 155
207 79
212 160
94 178
328 332
211 385
264 139
74 84
124 87
189 167
11 378
0 347
219 292
303 306
112 111
145 227
309 254
272 350
363 385
248 83
11 138
65 112
51 387
321 364
2 136
329 228
179 117
232 145
77 231
38 275
296 202
333 386
44 155
267 87
315 175
270 231
274 66
21 274
104 115
207 97
110 343
298 262
265 264
6 256
53 187
253 207
274 385
238 226
38 155
115 1
241 35
368 309
44 180
357 307
3 118
185 346
339 52
73 118
301 384
263 13
116 73
396 330
359 36
312 389
352 22
44 184
297 88
139 23
390 41
113 82
332 155
304 259
14 246
275 285
199 303
46 77
223 157
293 199
105 299
253 160
223 384
84 395
45 395
180 133
373 380
383 87
196 122
270 200
166 179
364 243
258 290
6 308
115 346
272 259
190 146
50 154
235 200
373 8
245 339
70 101
64 31
45 80
371 80
375 127
351 60
199 318
50 78
186 346
329 343
172 166
4 288
359 352
381 130
283 219
219 298
329 227
90 22
357 390
359 364
296 303
345 369
286 108
105 287
218 253
166 147
0 19
33 380
168 53
224 7
219 345
281 1
60 74
123 139
391 271
245 1
244 169
288 213
152 95
346 280
276 226
183 56
108 239
62 46
196 101
204 121
205 344
199 206
202 326
188 296
191 397
178 11
151 357
399 26
295 238
272 301
306 388
251 28
109 223
247 131
35 181
20 289
278 34
312 227
39 128
385 121
29 322
72 383
364 288
137 305
376 344
255 254
174 264
152 370
83 194
382 330
8 365
191 313
13 113
0 331
338 288
334 245
356 303
139 326
285 181
381 387
305 72
116 222
110 176
342 261
226 332
265 326
18 57
396 47
75 171
399 379
139 265
63 54
373 205
301 176
156 199
88 101
349 78
124 81
330 56
112 156
93 128
381 234
91 351
144 97
142 285
130 27
237 269
93 163
86 361
164 203
286 386
132 348
94 185
336 284
301 389
238 391
163 17
381 126
303 156
74 338
240 26
220 267
224 252
74 220
313 313
14 39
148 340
103 45
320 112
246 158
120 256
38 114
95 298
338 392
49 201
353 273
280 347
231 101
46 170
207 45
10 311
266 201
77 213
102 135
281 352
76 316
3 344
2 247
165 215
368 160
114 9
317 302
173 339
261 105
117 291
297 299
336 193
293 209
109 150
215 139
238 132
172 318
312 399
197 376
375 29
107 376
172 17
65 271
282 208
234 344
318 222
294 247
3 163
159 302
144 319
7 171
154 343
99 158
289 28
296 99
122 75
253 84
365 128
111 349
187 184
160 171
310 214
322 197
399 391
378 239
95 97
22 193
33 280
152 54
283 99
4 270
110 232
352 172
22 395
393 204
31 121
168 166
220 178
193 12
305 221
378 299
366 154
393 279
329 38
332 23
333 299
91 366
330 184
233 359
307 249
180 149
396 365
315 233
299 206
350 258
388 373
301 331
244 35
144 355
398 35
334 45
97 301
166 344
337 226
127 338
234 30
355 13
63 356
266 148
170 284
34 131
16 128
14 110
192 264
50 302
59 182
33 394
254 154
59 177
375 356
173 273
149 20
389 288
368 324
127 59
269 317
344 41
142 201
164 113
338 92
94 155
79 88
62 130
112 375
324 322
52 382
7 71
243 171
255 266
196 338
274 298
288 328
212 87
306 290
385 350
176 378
118 14
333 166
198 286
122 307
390 355
18 92
80 220
237 151
276 89
219 356
313 224
69 305
388 18
52 133
394 352
236 93
132 277
42 383
59 175
105 282
77 301
65 251
329 236
360 122
196 292
63 197
353 330
161 178
56 327
132 16
205 377
160 387
213 303
237 75
256 64
352 6
155 133
58 71
307 338
65 94
302 183
253 200
364 379
397 326
18 29
10 290
229 298
163 258
97 363
342 98
376 94
126 63
118 237
94 299
13 300
8 4
387 77
21 328
181 381
195 291
110 340
174 322
144 176
382 256
346 189
200 51
38 70
352 381
260 292
65 305
196 354
249 36
235 88
59 143
112 358
309 230
258 28
174 34
246 124
161 378
247 128
286 149
90 193
364 10
344 95
120 118
185 384
94 32
234 190
261 110
314 136
226 61
125 339
136 239
356 221
124 337
143 175
128 364
235 398
97 266
329 289
20 310
242 97
200 189
73 110
173 307
337 148
324 243
269 119
352 51
71 397
26 81
200 99
128 311
51 250
294 103
196 229
205 169
125 163
84 2
19 281
380 78
275 112
245 264
193 230
314 225
173 202
11 113
294 115
133 0
169 176
278 5
147 182
56 276
111 389
71 16
95 358
361 45
182 76
232 210
108 338
57 252
57 21
164 226
197 349
348 48
194 25
130 104
163 101
25 351
325 104
275 311
380 292
31 176
149 243
336 347
338 277
220 149
84 75
63 127
199 31
199 354
43 58
217 296
295 199
191 388
281 392
396 183
318 51
50 90
301 340
45 159
99 303
164 82
5 378
143 220
111 387
24 251
245 7
327 250
254 63
382 353
76 20
75 239
201 260
250 151
331 261
350 188
373 137
166 207
41 344
383 140
342 207
154 220
191 9
119 330
203 159
155 266
159 14
104 395
177 120
377 374
218 161
78 326
18 44
382 74
94 213
211 74
37 179
56 299
177 114
159 186
168 56
15 68
281 167
329 177
261 282
15 64
294 391
234 229
363 207
387 158
151 90
167 70
62 255
283 107
244 127
325 105
268 361
329 266
117 127
96 98
14 304
190 371
350 272
357 5
215 105
126 121
261 42
74 251
18 109
38 288
282 231
319 302
312 6
390 358
192 399
100 394
17 394
224 333
177 40
362 143
367 266
284 151
79 381
161 37
1 320
106 176
51 362
89 9
380 398
399 19
387 374
348 95
359 348
299 177
318 263
322 192
48 258
5 50
222 361
245 190
170 266
172 365
64 72
73 351
138 386
20 225
230 302
150 111
305 388
363 367
345 104
117 55
216 338
264 154
244 308
11 249
229 102
255 55
209 43
128 64
188 23
95 50
184 250
98 386
352 395
228 71
147 52
26 328
171 36
137 155
157 18
71 376
288 71
206 345
117 133
5 40
189 227
328 347
336 158
341 300
382 188
330 328
374 173
120 358
325 348
20 106
393 242
70 274
276 50
195 156
366 199
375 386
236 12
333 104
151 240
292 145
394 138
97 131
86 262
291 241
274 252
308 60
71 12
97 19
368 108
32 282
3 38
270 363
176 66
359 16
256 147
219 1
380 126
335 305
278 7
356 352
292 172
257 180
173 303
5 156
53 247
399 35
22 385
125 184
79 183
245 18
53 398
380 377
89 207
221 112
358 268
261 187
316 315
286 322
227 194
270 270
354 296
192 372
153 257
248 65
259 364
343 176
7 86
155 161
249 312
48 265
71 64
177 329
25 299
56 219
11 307
211 202
251 195
389 162
91 193
390 203
215 214
32 359
217 105
205 107
397 40
196 24
139 144
256 192
61 117
370 367
5 242
395 223
167 217
122 359
265 282
224 158
158 385
242 303
186 275
222 369
210 223
198 8
210 272
210 154
70 243
338 203
359 56
152 65
65 104
44 302
353 347
6 336
224 34
70 187
288 115
175 379
268 105
270 116
290 135
300 159
170 392
56 396
83 41
390 178
135 397
380 55
273 20
111 61
25 317
75 128
40 209
228 81
390 101
237 21
84 228
242 25
89 233
35 327
236 206
247 121
140 364
102 100
137 328
59 146
94 66
305 19
365 12
245 109
378 241
9 84
47 54
323 248
65 272
342 268
380 111
147 46
124 343
88 315
325 300
190 378
193 7
285 174
53 26
39 225
349 352
140 209
96 135
73 175
32 197
355 108
184 341
245 86
378 357
18 118
300 208
252 346
340 58
85 174
50 137
55 226
220 206
334 388
29 320
260 399
144 234
108 219
388 46
206 241
78 266
174 316
114 238
313 348
145 324
201 173
117 25
360 40
190 133
188 22
380 309
47 69
280 124
166 364
291 379
167 385
17 179
157 65
67 69
41 286
313 339
364 396
250 180
376 128
147 176
350 102
26 84
211 274
208 368
41 44
161 163
329 1
5 120
391 240
389 393
84 306
31 351
137 24
393 260
301 50
182 48
53 283
389 284
144 177
287 8
232 172
57 89
38 182
18 102
21 0
143 191
32 52
77 66
285 41
157 380
67 397
205 141
188 352
114 34
386 366
112 339
348 17
71 125
93 214
398 363
341 84
312 113
395 259
68 33
25 100
90 236
71 253
263 69
353 349
164 288
172 383
122 396
151 68
231 368
155 172
111 248
47 293
377 262
237 18
149 397
1 251
93 68
218 338
206 361
65 205
210 137
179 317
38 320
3 365
345 375
168 327
147 203
391 8
116 38
160 310
247 69
112 369
41 245
126 210
19 140
367 111
304 126
126 319
246 148
329 233
287 362
132 120
246 353
282 170
260 341
148 261
93 296
361 261
300 135
121 286
314 243
325 273
317 138
372 375
56 343
327 6
355 26
283 39
364 158
375 364
57 127
76 90
256 251
95 141
46 371
398 391
278 85
260 287
141 394
155 155
22 244
127 45
191 81
45 238
267 211
245 144
368 309
183 107
166 186
195 164
144 247
93 16
53 211
164 40
322 248
387 257
214 49
358 242
137 394
158 132
224 178
331 209
224 162
357 138
36 81
382 240
40 342
21 311
43 50
143 87
26 103
93 163
75 367
78 228
23 68
220 121
181 197
46 146
289 85
109 206
297 107
41 76
138 339
32 291
317 164
297 197
203 242
4 70
49 234
55 359
265 146
133 136
306 174
237 161
389 127
134 108
249 220
321 13
336 223
363 2
381 114
59 72
295 68
111 123
185 282
263 289
149 245
49 352
198 256
205 236
28 2
78 392
78 24
371 30
67 96
286 215
54 118
341 123
102 133
179 109
215 201
26 223
177 182
346 181
378 317
308 88
301 65
199 58
134 293
104 391
344 222
35 37
153 195
143 175
272 88
22 365
329 124
298 86
90 177
45 94
334 97
146 372
209 287
65 67
337 254
206 377
2 386
319 234
179 273
223 34
348 288
236 268
8 190
239 322
193 99
179 368
269 116
379 259
63 355
4 205
232 69
130 97
195 308
367 377
6 164
238 203
160 307
235 159
80 375
18 89
325 315
59 204
288 288
239 369
386 290
97 212
61 370
77 125
166 168
273 43
110 156
279 369
42 22
289 48
295 8
175 305
339 276
122 346
45 285
288 16
39 21
334 183
389 26
123 252
258 77
194 193
328 250
273 175
71 139
154 14
34 48
287 155
346 139
351 127
144 78
25 374
160 233
267 340
320 181
26 272
301 188
210 225
42 177
64 252
160 128
368 60
180 130
28 130
147 296
339 313
302 357
313 341
366 384
332 381
45 205
28 13
327 214
318 177
11 228
169 393
232 306
131 180
26 142
94 311
234 138
371 176
203 367
372 140
87 62
143 331
68 107
50 314
359 92
363 118
16 390
281 221
342 329
386 112
146 171
301 190
27 179
394 60
260 358
399 127
326 272
352 278
187 69
289 364
58 56
0 132
373 3
111 41
186 191
316 152
309 272
327 218
346 244
351 151
33 99
0 291
97 266
57 140
371 147
398 165
191 174
189 62
116 356
185 368
8 67
15 179
292 334
356 333
52 219
91 349
69 278
129 150
310 386
342 168
378 216
184 166
1 354
272 268
135 298
237 276
64 119
117 298
320 16
84 379
107 116
262 356
55 99
334 200
85 335
249 23
168 321
35 259
103 383
63 70
336 10
247 250
322 398
8 281
43 291
239 160
149 132
74 294
299 88
162 33
317 214
30 28
273 283
198 114
363 355
170 263
306 304
198 201
309 33
73 353
368 250
205 285
251 100
131 386
319 86
292 344
277 45
32 145
81 289
299 207
282 326
158 351
304 126
316 124
314 142
97 304
359 206
180 232
29 300
203 58
325 235
175 127
8 68
156 384
272 256
178 370
327 13
67 161
292 386
18 129
366 200
43 388
203 371
128 261
327 373
294 79
162 323
231 199
154 362
212 340
385 247
130 164
158 123
292 125
177 305
204 331
129 363
124 304
120 241
340 393
62 183
72 105
332 97
263 54
43 135
13 238
42 277
206 273
317 274
254 137
43 390
242 99
292 302
94 39
394 125
45 53
198 241
227 35
370 37
3 231
81 67
343 390
1 40
332 87
350 182
232 24
75 266
398 220
324 343
111 247
256 319
198 199
175 87
153 350
396 321
311 267
378 102
159 220
203 240
98 246
315 160
128 289
105 91
388 258
41 42
123 209
366 386
237 282
265 223
233 399
322 294
248 251
184 61
233 136
121 123
41 391
290 38
107 231
334 77
183 279
273 308
198 339
231 396
352 361
0 317
150 72
177 342
169 134
323 111
235 239
242 91
70 140
343 293
264 118
67 155
234 345
203 346
394 277
266 43
285 140
207 136
69 271
110 297
118 109
263 93
223 292
304 260
123 170
342 372
201 262
311 45
379 66
296 32
205 203
304 256
237 226
2 20
139 230
75 205
278 135
142 10
112 348
121 368
175 362
361 208
47 221
42 345
73 317
83 240
391 331
325 262
336 274
293 389
191 357
2 357
375 232
97 62
283 263
113 354
342 234
382 291
393 308
229 160
336 19
201 274
344 216
242 159
292 205
165 120
141 8
292 37
162 193
353 46
100 355
183 66
74 23
1 153
219 140
21 14
139 101
51 125
193 302
220 286
391 348
252 338
319 304
5 118
245 98
112 377
377 238
70 12
153 173
100 359
196 89
323 46
307 210
37 120
239 116
22 299
149 24
310 166
328 261
65 360
164 309
171 70
64 279
43 270
299 165
39 144
76 160
313 81
238 309
275 66
33 203
40 183
106 368
63 23
308 21
169 288
9 177
320 263
262 179
244 387
320 34
115 222
40 357
264 307
239 217
301 261
140 353
28 67
178 254
204 13
38 269
225 17
240 151
390 264
396 140
323 338
197 161
247 309
152 119
287 286
205 89
274 188
127 135
220 106
240 147
21 115
382 117
298 386
137 387
293 48
121 178
32 239
282 373
265 281
387 222
47 246
142 40
185 19
300 309
163 34
143 69
272 177
111 129
308 139
346 75
114 277
197 287
155 194
233 160
306 227
87 3
112 210
238 16
77 302
31 292
23 35
44 254
313 168
32 106
301 63
72 363
40 358
298 82
248 257
23 271
310 56
216 235
197 220
133 272
146 156
41 121
382 52
306 159
234 267
329 185
355 373
263 8
145 323
87 294
336 322
45 137
109 21
328 190
60 43
132 240
243 249
178 128
323 263
123 123
29 265
341 225
282 186
91 9
277 301
81 103
257 308
214 198
221 242
151 27
111 338
103 274
356 180
284 33
363 2
13 163
327 127
10 2
242 344
204 136
131 9
24 128
82 220
89 252
302 367
362 301
4 34
223 72
229 310
338 231
224 205
257 370
298 120
50 142
374 32
189 79
119 96
168 167
316 341
102 317
26 37
41 116
205 112
159 318
110 392
158 26
225 313
92 110
116 108
297 223
355 383
158 115
56 273
162 217
219 331
246 387
315 142
77 68
48 23
365 318
38 390
358 315
20 34
81 127
207 375
343 262
141 36
365 293
366 239
104 307
329 275
46 221
95 392
42 282
46 148
353 397
378 222
165 85
7 328
357 320
163 244
269 203
71 352
274 332
160 89
27 373
387 221
370 219
255 219
18 325
121 235
219 188
283 233
185 142
27 203
335 146
4 53
152 386
70 193
183 145
300 55
118 68
150 52
20 79
302 322
397 296
153 186
156 246
79 168
116 49
354 274
175 365
364 331
183 259
243 132
358 246
92 369
143 172
193 190
144 265
65 164
179 372
216 173
280 265
184 331
1 191
30 362
176 100
232 173
102 120
118 379
37 264
60 395
311 99
263 260
243 80
89 146
250 27
182 155
110 54
219 208
353 115
162 171
198 60
152 43
188 55
99 135
13 278
276 24
283 376
370 366
104 81
385 170
248 341
138 303
203 282
340 252
11 370
340 76
293 388
197 175
105 281
386 299
288 389
349 141
65 313
127 139
231 68
136 293
54 278
370 193
357 242
305 158
187 150
125 354
286 297
319 78
236 71
260 302
126 226
85 343
256 237
273 355
122 34
398 146
303 141
42 90
3 80
344 108
334 258
100 280
121 173
2 53
226 361
32 269
137 249
152 202
37 288
19 349
4 302
30 190
234 163
93 76
8 58
251 79
295 384
302 112
232 340
218 21
307 110
207 30
318 233
377 169
350 98
134 67
41 266
66 382
307 76
272 25
345 396
292 143
337 23
331 52
392 336
365 33
72 20
373 292
113 243
257 266
348 39
307 108
214 232
1 86
3 212
383 373
19 341
382 84
236 256
197 52
126 22
266 179
197 163
84 94
171 159
312 257
398 206
276 0
194 291
16 41
199 46
175 147
138 371
311 171
278 394
369 138
45 111
113 74
131 370
235 274
239 182
393 221
221 355
91 9
25 151
376 260
165 292
66 82
116 152
233 336
305 100
204 239
321 230
168 296
85 63
176 203
48 13
256 365
17 380
317 221
217 382
35 133
384 209
6 217
188 234
212 228
369 124
123 31
4 316
182 259
173 51
132 26
270 324
168 241
335 225
126 341
385 179
131 202
103 246
44 351
231 217
178 149
25 23
305 53
62 0
347 125
181 18
51 29
165 135
316 152
241 79
160 111
159 399
196 294
62 327
74 105
183 261
51 84
40 196
227 318
251 365
144 328
37 55
239 227
76 24
389 14
226 148
120 265
256 266
398 73
372 251
118 294
155 274
150 392
311 132
243 263
258 29
129 8
377 378
161 344
327 218
124 217
243 68
275 303
198 220
105 297
92 34
362 199
147 183
195 166
45 8
171 299
199 65
62 231
332 34
370 225
181 183
231 113
90 260
57 270
339 242
9 45
176 46
37 240
81 229
396 352
333 169
383 299
179 167
88 350
280 44
106 12
230 312
11 261
259 193
213 352
1 229
369 230
296 303
134 260
137 325
187 51
227 363
118 395
250 134
155 386
257 363
76 344
372 318
60 190
282 43
146 340
300 310
12 144
30 3
179 173
365 34
382 108
84 104
259 122
368 23
248 397
37 223
4 93
117 147
64 305
318 232
349 109
81 235
64 276
83 242
396 228
317 122
225 305
122 370
194 195
369 24
36 130
145 358
186 274
8 279
149 306
38 135
14 255
386 383
310 209
97 283
200 31
63 116
159 280
117 101
272 217
371 174
75 167
120 247
360 312
124 250
180 232
63 183
271 19
170 195
54 212
69 265
17 314
19 300
111 64
115 173
320 201
276 337
17 212
160 172
196 104
378 279
159 152
338 315
23 205
380 140
211 381
318 71
10 74
137 335
154 102
181 159
376 393
128 245
57 394
317 218
2 153
62 263
369 23
48 339
21 240
28 284
196 122
90 246
334 175
108 335
215 207
353 24
320 317
122 304
285 292
41 203
29 218
58 12
3 396
365 228
244 67
211 183
18 385
294 367
207 244
256 256
235 49
261 116
31 284
62 259
252 275
301 238
106 122
311 215
375 339
348 246
203 366
0 272
335 106
266 33
112 124
99 6
230 237
246 118
308 352
12 262
320 110
199 68
358 238
247 32
250 325
71 351
34 281
36 63
160 126
338 220
171 9
55 184
138 15
390 78
11 386
327 328
244 51
248 194
11 139
56 301
73 194
236 58
97 389
239 11
75 280
377 286
353 42
271 19
346 375
271 183
327 158
28 21
67 142
37 279
386 347
398 334
195 222
31 297
337 21
238 19
137 195
24 301
169 147
155 186
343 132
359 190
126 187
89 283
146 191
355 266
28 100
194 107
337 360
32 345
164 271
114 298
100 286
98 6
345 104
273 249
44 148
37 224
227 112
122 100
168 380
391 25
390 14
289 329
94 79
355 9
25 358
21 148
239 145
179 233
290 314
95 0
398 95
190 155
204 235
335 338
361 104
241 245
342 40
188 127
63 83
56 206
200 262
366 351
153 317
16 198
159 347
150 321
336 221
333 109
387 218
216 105
170 338
122 190
388 180
71 157
220 4
286 251
78 88
42 315
285 308
298 168
287 334
63 272
351 126
250 165
315 251
304 272
266 228
16 271
375 98
5 317
285 176
272 119
159 303
45 201
42 176
251 181
3 60
161 348
220 345
209 223
336 145
130 184
131 368
11 22
46 272
5 270
224 21
258 201
105 222
61 275
20 22
241 13
227 227
104 271
353 111
23 238
169 67
284 209
345 112
147 351
235 318
208 377
78 34
270 30
264 214
260 295
115 382
261 132
233 60
230 350
35 200
393 87
65 181
5 89
129 84
384 255
337 231
202 92
329 308
378 264
83 195
92 112
48 28
334 84
0 207
322 139
93 115
14 65
117 72
192 383
243 249
323 297
225 237
239 0
344 382
304 34
241 289
190 59
29 82
222 34
379 147
299 56
319 224
364 158
383 121
201 4
333 370
120 280
131 0
162 291
221 100
285 194
347 124
0 300
259 8
134 193
116 369
134 293
12 73
350 173
78 312
281 15
200 291
234 265
44 288
84 263
164 397
55 9
227 371
189 81
67 181
133 245
295 281
328 309
260 198
280 330
296 200
341 379
370 27
270 12
372 345
211 309
300 5
303 220
389 232
223 192
284 72
82 229
203 14
116 155
361 34
303 36
15 41
95 355
22 204
32 258
161 377
1 207
43 79
32 18
247 377
302 347
108 319
162 221
295 202
239 155
127 189
363 121
183 14
207 6
130 330
68 155
155 209
140 107
364 160
364 303
42 325
264 278
34 335
240 205
290 51
206 121
191 280
273 91
57 327
220 223
37 206
302 213
115 387
374 67
355 111
110 215
250 28
183 59
141 155
84 182
234 167
76 122
53 174
91 117
109 340
259 331
94 337
147 142
396 348
161 43
310 335
165 300
170 65
44 262
154 116
109 9
131 156
148 393
0 44
236 131
0 297
65 289
84 391
111 79
340 284
7 75
366 369
389 49
308 179
134 291
5 345
259 94
77 389
220 67
387 67
124 26
181 218
384 115
224 142
236 168
232 81
21 274
113 390
203 328
22 341
391 314
161 313
354 311
24 1
345 121
368 382
264 209
391 122
316 164
96 81
16 394
57 39
318 7
308 41
282 160
265 142
59 15
355 236
185 46
191 165
354 1
58 346
307 355
121 187
59 394
33 237
261 114
68 63
148 3
41 224
363 282
138 119
80 15
246 189
201 317
290 377
128 344
299 380
343 247
209 50
152 399
188 167
68 31
322 283
264 210
45 85
91 93
355 236
158 111
50 156
395 57
364 317
38 262
48 386
144 274
374 260
273 196
143 143
39 273
356 178
273 175
341 19
321 225
241 228
58 224
372 388
278 229
335 98
100 364
265 174
347 155
391 310
35 351
319 99
174 116
340 235
81 249
4 352
360 245
95 116
100 41
302 49
390 245
68 133
385 283
149 263
168 121
366 109
246 280
278 30
308 126
247 304
238 336
55 62
317 201
117 67
297 97
98 240
105 122
104 191
135 293
372 125
151 105
254 265
201 73
78 83
190 274
281 5
223 232
206 176
57 232
78 94
294 394
0 256
131 190
365 246
108 34
191 385
61 161
60 105
369 22
143 186
235 39
31 29
219 82
387 37
389 221
356 118
308 191
351 38
337 172
141 287
273 67
203 327
55 390
314 330
141 157
101 193
354 390
265 26
117 170
24 179
69 230
5 349
359 250
391 172
311 73
291 118
228 91
332 261
103 141
240 52
0 174
378 208
70 108
296 138
254 201
68 125
353 318
13 188
268 65
132 123
291 11
314 202
79 352
208 342
200 21
273 91
324 187
0 76
198 96
281 300
318 347
148 184
26 82
154 364
312 64
176 368
225 30
124 40
232 314
51 220
314 104
385 286
4 142
96 319
238 361
379 28
201 251
255 170
186 180
281 346
311 192
284 273
62 386
385 108
78 104
209 233
333 67
43 384
293 70
346 200
173 260
43 81
38 259
231 282
19 345
39 158
228 46
303 262
60 320
191 99
382 260
118 347
383 128
193 241
313 234
273 180
175 213
105 265
300 20
264 65
318 218
358 268
21 140
184 68
174 212
381 385
23 146
229 15
231 228
259 366
196 377
325 196
28 26
94 352
61 286
353 344
126 321
59 264
275 166
259 218
268 31
179 14
277 108
5 106
248 210
295 329
244 254
150 277
383 357
9 334
186 72
278 184
251 180
211 21
300 348
119 330
220 145
172 12
139 116
125 39
121 158
177 76
11 93
376 373
192 262
246 186
282 348
350 201
111 169
256 193
184 124
0 239
384 138
148 144
169 6
38 390
37 296
68 37
87 277
102 258
214 177
59 151
8 258
359 385
195 142
64 306
66 11
71 33
376 396
205 206
162 134
99 91
366 25
26 338
39 379
85 398
125 253
219 305
94 198
314 76
162 338
23 90
345 222
201 89
369 169
216 124
340 250
139 136
378 152
210 364
172 50
110 149
389 245
49 104
181 266
376 125
350 371
190 343
222 386
253 95
94 310
169 278
4 209
184 300
208 173
377 282
4 90
66 396
7 11
231 160
89 296
67 55
228 29
346 137
153 4
323 182
72 83
200 361
162 321
336 211
351 151
131 274
244 265
119 229
387 190
76 204
115 71
140 112
242 134
190 154
110 270
316 198
376 319
118 252
135 379
254 347
147 303
166 68
274 155
73 184
259 50
12 195
266 309
15 392
60 2
138 64
57 260
23 274
398 45
118 43
16 219
297 202
55 3
326 117
167 9
155 240
123 170
188 309
0 338
359 212
75 138
39 330
192 164
278 315
104 355
44 183
31 89
295 260
255 287
99 155
299 152
213 100
169 363
79 265
386 233
1 36
181 311
163 231
174 228
224 144
312 174
235 48
57 162
93 109
53 133
329 255
93 20
215 374
382 387
141 384
80 29
15 77
81 361
180 60
224 56
142 316
104 32
73 218
271 171
70 135
142 185
367 90
364 390
17 221
175 366
23 0
227 380
342 385
95 144
263 79
224 297
376 286
125 247
247 308
28 376
60 95
235 251
244 198
378 177
295 100
281 13
218 381
330 200
331 320
308 229
11 54
69 54
363 313
68 201
51 140
315 64
129 92
36 353
127 344
252 282
96 215
52 146
185 277
197 47
155 176
12 358
330 18
200 118
385 351
348 106
249 204
171 74
392 39
187 179
244 268
362 24
346 335
163 134
35 228
284 232
365 11
205 162
201 234
83 103
346 271
57 173
76 267
145 1
119 70
7 103
135 256
284 343
71 59
212 87
157 310
47 240
257 309
23 377
327 158
58 303
120 99
208 290
51 249
223 269
343 163
392 298
216 231
182 379
347 344
274 44
233 3
121 389
374 54
185 76
1 113
261 107
54 30
308 333
381 238
315 175
200 85
1 338
367 388
32 162
398 32
97 218
165 205
40 324
258 201
285 167
373 174
166 384
224 158
6 118
250 53
251 84
90 141
184 65
9 170
358 216
131 149
124 344
27 213
178 286
148 308
268 374
363 142
8 41
33 396
299 192
291 302
29 327
37 195
218 269
210 17
225 363
85 207
272 9
112 321
54 372
163 268
279 128
216 0
392 350
225 366
208 362
59 197
345 336
80 271
27 336
348 293
325 322
91 146
78 83
389 329
285 157
72 333
270 297
124 267
137 386
50 63
25 291
349 26
162 98
49 186
394 195
222 236
14 331
398 238
295 220
218 115
282 236
158 145
118 129
181 52
63 335
35 181
89 68
262 375
379 340
344 214
172 104
329 218
186 31
394 319
86 6
176 268
19 355
208 378
67 369
251 300
251 78
87 357
152 126
352 337
324 387
56 242
36 296
295 138
140 137
61 156
297 1
301 176
136 91
39 372
20 285
22 301
112 196
135 137
275 223
39 376
76 114
10 230
398 272
347 285
227 88
321 323
141 49
221 160
230 153
217 235
311 20
241 26
140 344
195 289
397 365
74 335
360 270
374 113
156 313
85 325
169 168
60 376
151 291
392 168
54 172
314 231
393 26
356 395
233 133
310 67
7 140
340 267
235 374
170 332
25 343
67 62
271 350
179 136
299 304
241 112
153 151
300 307
371 277
382 334
340 276
85 23
267 204
147 338
219 131
164 3
171 362
125 95
304 139
397 17
338 260
106 162
99 225
172 211
83 237
141 125
300 145
249 357
131 95
278 249
145 118
312 259
338 265
87 132
186 316
240 118
388 325
21 11
55 127
43 35
305 290
226 220
24 391
389 108
70 350
61 208
203 303
192 131
331 392
280 78
374 316
187 241
264 114
69 38
360 96
283 84
174 327
31 116
91 390
240 130
187 122
83 391
318 364
20 144
261 79
172 145
281 224
310 304
305 376
370 144
130 159
219 20
78 101
136 192
331 1
24 256
43 291
299 363
36 151
323 231
131 385
134 53
174 336
291 21
267 15
256 246
282 317
327 113
335 31
140 354
225 216
337 133
80 169
326 264
122 70
124 274
257 52
180 89
92 325
178 395
303 179
331 148
25 283
392 344
32 147
27 163
63 183
164 328
82 280
156 124
231 351
261 83
254 182
242 343
11 392
76 387
365 389
154 373
138 157
336 274
131 358
321 72
390 279
231 267
285 234
87 152
80 319
104 216
301 286
341 240
344 0
80 157
388 345
166 103
208 353
167 325
7 212
50 360
345 275
192 199
86 80
351 14
50 349
231 239
319 79
28 0
223 388
67 201
152 391
325 249
389 335
77 17
333 306
217 162
238 174
135 357
297 123
95 258
189 286
260 244
192 118
283 331
160 41
64 391
265 325
147 167
139 9
80 320
333 157
198 383
64 162
307 241
158 144
93 310
115 313
242 247
31 225
280 317
73 48
14 256
388 68
16 238
362 359
128 285
324 291
265 191
146 132
240 331
158 263
181 254
158 185
383 107
249 166
281 301
190 235
106 113
289 121
375 68
105 361
204 341
103 195
327 195
168 4
16 397
154 263
223 94
230 139
58 308
295 214
124 237
209 132
118 305
126 65
189 331
190 95
99 212
194 133
358 233
358 336
381 40
147 30
132 315
299 131
171 386
295 293
68 44
187 224
266 223
95 16
304 0
281 276
202 218
216 368
8 377
276 267
20 10
94 18
303 301
236 214
131 255
112 368
274 157
95 248
397 181
296 367
367 191
101 144
54 51
196 364
231 278
385 71
20 314
294 321
354 391
84 341
175 353
102 209
256 0
273 169
104 290
362 311
313 277
327 177
152 343
180 108
111 101
243 367
269 330
178 85
366 32
185 76
53 137
267 98
106 96
277 101
77 217
135 102
320 136
329 208
136 173
72 379
107 95
87 229
268 341
186 183
350 29
59 173
294 334
96 131
158 288
92 70
230 258
208 347
25 275
207 332
269 114
177 360
32 158
7 45
338 276
35 390
121 212
69 362
218 396
379 305
191 80
349 214
137 71
365 101
339 28
78 66
228 393
354 200
100 203
310 391
340 383
354 53
202 306
166 355
241 215
394 290
214 46
218 111
271 91
136 58
391 329
394 136
361 140
233 170
223 176
100 286
60 259
315 15
42 335
72 157
265 94
357 208
398 208
45 105
250 316
134 9
22 306
35 238
310 246
233 307
147 12
81 82
316 181
208 216
84 68
201 39
365 87
356 166
304 399
242 342
48 266
99 131
357 256
339 290
165 392
365 173
237 125
208 295
59 316
13 95
188 25
390 154
216 220
214 324
202 323
353 254
41 231
332 17
378 32
392 95
77 137
2 76
110 123
342 289
155 114
375 257
154 251
224 13
92 336
117 34
288 257
222 320
398 382
171 105
348 33
1 252
222 106
232 151
273 275
130 348
229 50
237 334
94 355
344 26
163 71
330 13
174 175
284 41
201 28
101 187
323 219
193 298
299 143
8 115
187 370
216 21
396 306
349 108
50 23
19 1
389 121
175 289
144 383
129 170
397 342
141 387
145 181
10 77
398 184
224 376
369 228
326 244
164 105
92 28
306 187
100 265
357 15
36 253
251 95
106 318
247 46
309 307
228 387
165 94
253 265
164 254
33 330
338 390
167 44
209 141
396 60
291 8
194 99
30 8
39 107
180 353
250 237
285 201
112 4
205 185
252 10
248 324
205 258
377 201
83 359
392 292
325 341
171 305
260 190
335 228
338 318
393 277
218 115
379 270
227 389
299 248
186 76
0 201
19 328
394 158
378 133
134 287
329 40
54 42
201 371
147 136
279 166
2 270
167 292
212 396
125 81
339 83
95 137
182 169
331 62
134 206
265 114
279 285
295 311
20 164
120 285
285 367
248 353
239 95
152 23
293 114
277 4
144 211
94 259
132 104
208 343
290 270
252 373
0 291
159 287
301 97
230 360
174 3
66 166
271 291
193 267
153 297
364 294
271 1
284 160
171 102
157 366
209 313
348 38
311 62
115 11
104 192
392 282
100 29
344 64
379 133
137 200
63 289
361 169
312 238
59 79
97 106
329 55
284 229
82 298
288 202
8 347
348 25
212 216
283 326
319 156
249 204
382 348
23 24
78 36
221 278
26 226
322 331
145 375
393 174
375 11
137 182
314 39
330 64
110 253
105 52
44 183
331 115
206 328
12 60
397 342
200 63
50 86
102 96
171 375
154 39
318 41
399 265
305 299
154 357
94 124
294 36
112 353
244 19
344 145
203 215
331 293
242 137
61 344
109 15
389 44
257 192
294 367
299 294
384 344
93 198
110 148
15 180
365 378
191 358
159 273
124 103
90 156
203 66
222 127
393 234
65 206
91 317
130 116
381 30
153 191
367 162
155 117
198 271
37 10
240 329
347 202
173 105
210 190
207 383
108 353
367 198
153 63
261 365
225 372
326 49
38 88
54 65
75 149
191 330
66 269
286 119
17 177
175 257
367 100
205 330
282 222
75 199
360 115
144 346
38 356
175 89
164 313
147 345
60 216
240 213
256 329
199 154
275 155
96 250
74 148
77 224
163 156
137 306
166 210
272 179
156 352
119 259
375 382
165 105
315 314
362 349
152 206
136 389
293 28
113 117
183 150
207 174
217 78
248 288
338 256
129 63
11 252
280 179
134 172
215 140
332 121
141 232
5 240
48 245
309 17
106 14
175 359
204 103
362 271
69 23
337 43
250 143
336 284
272 25
200 210
356 350
288 12
262 336
238 120
245 356
275 207
399 309
258 167
76 399
117 183
306 228
244 20
160 142
102 327
188 50
48 287
291 20
192 230
106 112
117 335
111 58
266 30
185 35
33 213
160 132
64 232
55 362
368 208
330 148
154 195
335 329
94 341
386 30
379 82
202 102
236 243
99 309
193 349
310 91
24 229
190 66
126 155
237 383
85 96
215 367
129 54
152 318
121 322
390 263
164 199
278 85
147 73
381 10
120 72
307 82
116 380
156 361
331 76
352 283
187 59
321 63
64 52
181 351
387 152
284 213
181 193
308 266
2 83
378 344
377 189
163 158
62 248
55 266
3 88
265 60
151 343
383 27
14 263
270 186
91 14
324 115
80 265
310 355
104 234
313 135
221 197
308 227
36 371
267 350
66 397
314 19
18 361
103 100
149 337
187 115
323 296
158 367
289 360
243 67
371 106
43 143
365 296
379 271
29 153
252 174
326 186
317 93
112 2
249 387
26 330
13 284
41 48
345 92
78 373
45 192
217 226
53 109
140 339
377 266
211 230
265 69
364 61
100 184
20 31
106 92
148 7
49 374
256 58
29 64
355 298
185 134
367 54
148 373
175 284
227 154
134 108
378 192
242 161
295 177
52 184
4 141
216 143
110 319
11 111
228 386
219 218
178 169
71 238
152 59
351 273
134 316
17 166
222 260
17 208
176 257
104 164
153 380
359 215
342 131
126 238
378 56
71 282
362 263
19 113
41 96
289 235
221 193
327 146
205 329
344 341
115 276
29 294
382 392
252 359
123 304
117 391
270 90
103 80
193 221
233 359
265 188
251 340
25 160
391 383
255 319
393 95
103 54
217 210
198 337
360 70
326 382
33 8
340 123
131 275
120 174
302 115
40 281
393 194
211 297
240 178
92 336
201 394
83 73
242 177
198 17
245 174
148 127
347 286
272 138
272 289
303 275
112 117
208 261
318 117
344 361
97 212
103 10
332 300
11 381
120 382
164 211
167 382
202 354
16 256
279 232
261 259
202 362
216 72
342 118
118 181
394 13
265 219
186 233
385 239
190 99
329 187
79 41
76 356
259 130
396 343
0 383
291 119
121 269
132 139
375 57
346 322
97 225
192 107
257 33
362 391
185 8
199 274
55 283
97 76
23 343
190 20
163 164
95 77
286 163
349 193
323 133
140 202
216 24
84 138
228 280
73 243
179 187
382 15
217 156
240 272
102 360
231 164
169 17
375 21
106 152
352 210
364 144
300 319
57 64
38 319
170 197
307 387
85 57
43 186
291 261
375 324
323 337
112 74
225 386
79 3
295 346
331 0
49 313
105 334
320 158
116 126
321 19
339 105
308 137
119 3
126 320
352 368
194 139
121 167
199 330
150 247
196 36
247 109
259 306
272 390
344 350
181 356
115 79
118 353
123 139
42 44
288 68
82 284
347 198
146 242
7 69
118 376
255 120
388 230
146 48
55 97
374 353
222 386
344 32
233 197
396 91
156 338
131 211
271 243
160 245
395 204
117 141
16 152
30 377
266 331
38 303
228 291
138 306
301 230
88 112
52 184
157 376
131 378
125 247
163 108
339 91
271 73
161 30
368 17
195 269
2 264
219 71
186 332
252 286
49 212
201 328
3 123
28 333
88 360
18 348
174 327
58 231
351 123
82 314
200 395
375 303
98 186
321 238
262 247
271 382
3 340
135 261
41 298
67 108
260 159
52 147
28 261
183 195
241 153
136 119
5 325
398 282
116 349
62 170
19 279
30 56
85 90
368 192
107 279
82 5
384 188
387 244
71 248
156 307
288 299
65 351
383 134
253 153
49 367
186 36
238 382
90 383
285 183
226 165
305 111
178 21
379 387
283 108
380 68
365 210
271 36
56 147
374 60
84 116
168 6
300 6
29 399
254 357
322 214
275 78
174 325
173 7
253 313
192 100
103 333
188 45
99 136
375 181
300 357
159 236
393 190
32 323
162 106
291 140
387 42
73 97
129 394
165 252
372 384
131 97
362 393
129 380
279 140
179 260
29 326
42 130
59 372
188 213
275 265
312 15
394 77
274 50
139 53
270 89
201 147
377 65
183 204
245 43
103 378
119 265
82 298
391 15
114 376
31 351
376 44
31 34
333 301
311 206
233 267
253 187
10 34
247 288
376 174
180 106
150 374
268 60
187 121
93 373
381 97
14 286
112 172
9 49
37 338
125 347
37 168
273 340
29 185
350 271
54 90
284 207
228 95
173 55
267 328
377 265
65 156
142 340
287 369
123 28
201 173
50 0
21 327
377 0
294 173
95 230
27 223
192 186
119 321
316 85
348 122
233 323
335 322
22 370
329 219
286 89
273 313
102 47
148 364
297 361
394 364
130 346
296 46
269 81
70 31
82 272
57 154
262 55
228 12
22 115
151 55
121 132
328 319
79 59
36 118
200 98
43 22
21 47
105 383
290 134
140 26
273 58
173 215
127 114
366 174
376 382
45 28
399 278
228 166
258 204
71 248
11 132
274 169
122 152
144 59
53 31
16 5
197 9
66 97
97 68
85 96
357 117
283 241
4 37
3 174
150 146
84 355
269 59
245 308
85 81
129 81
324 13
116 243
76 118
256 52
178 157
77 273
65 224
163 134
209 357
32 325
121 268
265 136
210 362
37 329
336 197
370 166
236 269
155 90
97 356
0 94
57 356
135 300
268 272
397 244
140 391
18 134
297 127
393 151
119 22
12 177
399 195
61 48
45 247
202 389
38 254
82 358
20 364
18 83
41 129
312 77
102 56
119 66
307 127
266 133
261 350
27 338
40 288
298 308
78 151
330 384
124 360
173 155
48 204
165 123
11 325
82 386
330 247
112 223
230 291
285 344
54 245
173 21
135 373
233 170
183 312
351 355
140 320
200 286
153 154
290 388
314 260
271 124
324 241
38 68
83 390
182 229
175 191
387 9
245 167
60 7
325 19
195 185
381 71
366 317
129 98
236 154
133 277
182 86
180 334
31 149
120 50
387 20
218 348
217 240
273 187
365 38
63 254
365 2
386 209
268 226
321 324
20 254
308 295
87 97
190 91
321 234
379 11
172 51
37 128
190 77
197 147
17 156
333 137
212 81
166 32
293 368
247 20
139 328
283 84
65 96
167 332
264 173
247 103
376 91
213 187
238 207
219 108
53 340
253 234
376 334
117 84
304 28
339 159
206 38
91 323
329 124
257 152
61 158
347 50
62 107
90 124
134 142
228 184
77 265
373 275
389 251
292 359
155 266
261 198
192 243
294 381
345 318
154 108
163 255
204 84
80 95
393 118
43 89
150 257
181 219
279 76
147 287
218 109
146 133
142 300
99 68
342 83
384 204
347 388
194 372
361 35
17 59
346 280
143 136
270 350
384 260
278 103
151 366
299 139
113 201
180 370
267 67
388 4
76 383
212 280
165 366
171 193
147 130
217 123
128 35
42 344
25 316
89 363
363 67
31 162
356 115
371 204
237 239
16 79
379 179
330 236
110 162
292 289
259 124
123 322
219 274
257 225
33 353
333 29
188 283
369 328
230 123
217 93
0 264
397 21
31 371
159 391
336 20
252 197
113 105
343 304
132 343
114 331
66 266
301 149
16 106
289 79
145 349
313 105
159 129
146 62
327 20
371 3
24 70
103 289
300 253
272 347
173 40
59 282
78 111
211 363
197 47
359 293
141 330
381 361
387 292
186 282
105 28
247 263
180 177
111 88
37 158
25 302
270 96
266 369
244 146
172 361
203 196
137 96
41 228
105 391
345 362
83 301
94 302
198 168
189 321
316 88
78 336
1 197
247 96
162 305
387 13
27 105
201 63
367 391
324 24
254 55
106 20
161 211
285 53
370 215
274 342
319 183
265 145
6 139
170 385
77 29
189 381
378 244
343 230
24 266
271 272
290 62
280 226
132 63
33 138
75 5
177 126
34 126
321 320
20 84
64 158
143 266
2 366
231 76
130 194
162 229
90 67
217 103
373 15
132 384
179 392
277 121
95 293
228 229
70 124
209 332
158 91
138 68
42 139
51 206
263 224
292 282
289 55
105 193
339 86
306 320
162 126
121 143
381 231
398 301
96 272
261 347
80 63
343 50
297 291
94 28
13 11
331 26
66 7
223 280
244 80
194 193
2 15
336 320
190 297
386 391
194 377
366 309
121 222
252 49
82 64
18 311
201 78
343 323
322 143
356 21
371 247
113 327
94 375
378 28
94 154
295 39
211 54
256 253
39 375
342 61
128 229
142 357
353 237
141 286
17 23
382 127
59 332
393 61
360 190
253 227
164 68
284 347
99 45
201 382
298 89
335 359
151 19
383 224
310 159
34 133
264 266
151 177
339 148
344 182
142 213
136 118
36 22
201 308
24 236
66 315
226 346
142 78
34 54
265 47
301 214
368 31
275 174
359 137
191 159
312 378
318 59
27 308
106 279
170 259
166 68
176 4
28 269
14 356
7 215
192 395
232 0
303 78
191 57
292 266
141 312
180 100
82 351
338 292
308 339
235 157
3 399
191 223
80 213
229 196
308 74
68 27
355 16
351 305
126 226
200 358
283 373
82 371
305 268
383 328
22 202
113 105
365 362
386 185
157 217
334 393
349 140
315 257
6 186
289 155
265 83
38 381
15 319
87 198
185 205
331 289
188 219
291 321
288 61
236 160
92 12
36 283
248 151
314 287
333 367
387 12
285 342
273 373
171 136
191 176
384 299
233 305
47 113
124 322
67 306
117 262
112 138
122 79
151 285
50 241
334 57
390 274
325 88
385 170
280 397
369 175
284 261
250 263
140 367
2 177
100 292
278 45
256 329
351 40
35 5
345 44
103 376
154 25
244 159
112 187
351 99
325 128
225 148
275 112
316 52
88 378
373 127
98 173
4 142
399 67
262 310
26 183
293 235
69 269
214 321
169 182
96 230
4 175
222 78
350 278
178 258
186 232
292 367
269 296
223 231
285 130
351 42
259 93
82 134
326 202
349 139
275 207
375 77
73 220
20 61
328 76
42 344
81 305
145 326
22 106
360 60
146 376
239 304
24 198
43 307
262 118
123 291
247 114
337 161
83 44
56 358
1 226
369 184
165 269
159 257
325 157
86 221
204 62
63 178
63 304
302 235
61 246
147 137
375 303
254 176
125 238
212 147
6 328
259 267
212 23
271 342
248 314
111 143
356 320
359 184
17 215
380 238
181 283
113 59
390 394
274 295
59 60
115 71
335 56
139 199
322 157
164 106
253 161
33 86
308 331
122 333
229 323
271 64
276 385
367 92
256 21
316 169
68 49
78 315
319 106
210 355
388 218
82 17
145 114
339 380
53 385
38 122
279 39
28 191
128 315
162 254
11 104
347 56
385 81
152 391
63 269
243 48
126 323
118 347
206 103
283 136
164 349
92 174
124 293
329 62
372 222
330 187
179 39
313 32
320 106
287 233
198 308
334 263
158 354
325 216
247 158
255 114
301 193
93 187
4 35
72 296
387 397
253 197
321 330
116 215
297 312
283 120
144 355
83 23
40 157
27 74
173 157
41 152
180 257
308 146
356 262
216 297
40 154
98 62
88 202
99 354
80 114
22 240
323 374
31 239
137 181
190 381
398 68
294 148
364 382
303 75
109 14
121 275
131 79
154 232
236 366
195 395
8 320
176 65
266 151
291 165
123 228
253 99
390 244
300 354
197 171
345 397
292 288
391 216
85 83
187 117
121 263
47 385
378 318
90 3
225 225
76 88
113 301
168 150
132 319
57 361
311 286
248 23
341 269
356 337
171 368
51 19
10 161
104 32
226 289
391 247
85 337
351 319
216 260
171 149
230 301
129 358
192 146
249 287
7 142
205 335
120 344
238 122
82 17
113 280
147 385
252 146
183 370
368 183
250 90
352 304
34 149
99 18
360 304
210 129
200 73
26 367
99 211
387 254
13 370
53 67
144 280
182 102
79 245
2 298
236 128
208 77
151 123
336 379
224 146
12 256
8 294
16 194
149 179
157 18
253 97
83 374
207 364
257 39
228 291
122 306
305 182
148 228
396 303
63 189
148 347
298 66
141 116
276 52
368 293
396 350
86 234
88 214
336 383
296 59
236 215
211 134
14 64
167 132
178 389
234 230
35 313
40 343
221 86
88 151
381 248
173 385
52 131
36 151
193 240
324 152
358 289
30 355
133 202
382 62
206 119
196 131
67 325
365 196
52 120
125 346
24 70
296 272
234 288
152 289
64 372
255 318
46 59
11 348
270 100
56 40
334 50
362 386
79 123
12 17
306 350
172 66
132 17
109 41
27 367
393 325
208 65
208 107
188 326
13 274
240 89
395 312
61 57
75 190
102 144
94 187
90 209
253 136
53 297
1 201
118 45
7 204
386 227
136 58
367 45
315 348
368 382
363 260
388 310
80 388
51 73
190 258
79 296
198 29
396 81
69 152
37 26
215 217
291 256
210 301
61 207
98 266
390 348
244 58
378 183
298 198
8 150
66 215
173 142
82 89
274 277
365 227
310 116
240 185
174 214
111 219
367 81
130 160
68 183
109 268
36 249
370 192
82 174
372 190
376 242
237 281
153 312
241 190
211 96
86 268
394 110
201 296
342 213
63 249
263 295
344 234
133 85
275 51
206 20
151 379
51 205
254 54
165 198
276 100
217 173
28 31
157 143
57 208
59 356
56 155
338 374
48 316
179 62
83 49
382 24
372 368
86 248
87 76
21 345
250 71
161 159
3 22
167 110
354 156
199 179
297 211
48 92
105 126
191 336
321 234
162 255
331 28
311 322
174 316
175 111
20 135
374 213
364 216
367 98
112 282
244 143
119 376
226 250
74 161
302 324
131 352
235 19
229 281
213 129
2 386
223 35
301 203
209 301
323 107
117 254
53 14
324 104
15 117
157 349
324 53
67 197
324 380
8 159
398 108
192 78
267 272
107 40
16 41
65 159
27 106
224 97
384 208
111 388
274 166
358 182
312 215
61 113
112 56
94 26
99 245
32 79
136 155
270 79
356 346
284 168
254 302
169 180
80 329
180 249
96 294
101 7
288 34
325 362
95 201
302 100
95 224
285 101
368 390
239 300
57 135
264 51
167 148
194 289
389 240
96 262
331 126
42 384
375 178
53 251
235 345
273 385
8 18
297 56
358 239
161 125
166 197
55 287
271 307
202 313
290 130
193 103
321 42
386 381
209 130
181 160
256 333
159 40
315 289
325 321
118 300
138 370
375 263
333 184
238 241
27 133
122 270
40 33
90 310
90 173
254 353
253 58
306 271
245 359
140 70
11 341
20 181
59 120
98 384
78 20
126 112
362 235
85 107
31 89
303 106
324 81
254 241
206 223
28 144
307 25
62 398
260 132
384 200
389 390
273 260
286 329
185 145
104 20
196 389
288 173
37 127
86 370
210 3
127 139
297 345
197 66
82 265
12 376
130 244
338 3
312 285
9 217
214 21
131 122
315 393
346 146
91 203
4 123
172 155
41 121
45 199
16 173
372 268
193 287
143 387
27 303
66 184
97 381
253 250
97 25
296 24
268 361
101 23
133 178
351 61
243 184
339 263
65 64
141 255
300 8
64 217
146 49
150 298
169 369
81 272
139 55
142 366
71 125
132 11
333 17
184 314
225 7
90 274
324 1
229 358
298 99
131 125
106 282
230 314
339 220
296 147
228 165
111 273
170 328
268 26
103 311
380 112
365 250
245 370
369 155
226 27
52 80
207 104
206 353
56 388
196 358
395 193
159 91
152 253
11 325
306 90
201 206
240 170
290 204
365 391
271 273
300 120
351 9
167 198
259 225
285 255
25 386
234 182
23 51
40 316
97 73
27 112
278 58
181 93
324 228
359 234
198 182
84 285
378 273
275 282
153 299
323 5
76 185
194 183
112 270
196 336
90 92
365 376
329 169
49 367
228 111
245 237
281 218
331 369
252 362
349 248
235 134
342 18
69 399
124 68
152 279
110 144
22 110
353 71
287 183
345 136
256 120
305 305
271 312
362 291
394 287
187 398
195 290
19 284
357 357
3 20
239 244
242 235
283 347
181 115
169 31
386 286
217 270
165 28
255 160
268 284
100 121
36 14
281 125
198 24
353 48
365 94
352 276
132 239
189 199
366 207
377 61
378 15
191 68
327 262
282 273
155 202
175 265
165 387
286 63
152 279
96 259
2 380
27 72
106 365
163 389
182 161
275 60
144 131
132 99
124 19
69 265
331 209
325 176
385 391
389 14
75 138
123 59
40 15
203 157
339 32
245 328
334 221
230 15
240 173
173 66
231 132
73 323
384 141
285 105
257 200
58 149
366 255
349 395
369 216
154 39
348 27
206 97
101 292
116 279
192 217
191 384
108 306
89 265
114 95
18 372
199 77
206 91
219 307
298 167
40 266
223 47
82 395
106 124
271 344
372 374
90 348
252 21
52 282
252 336
65 3
305 206
77 375
255 229
388 52
377 336
334 132
204 320
332 293
58 260
239 153
379 0
196 142
252 65
274 182
355 11
253 364
62 253
299 96
22 218
378 91
34 145
41 351
325 250
46 223
177 287
71 189
249 323
7 101
138 17
229 24
112 203
205 52
338 225
20 378
235 265
347 106
90 249
375 135
48 67
264 38
301 249
60 263
12 152
193 140
48 205
9 255
198 237
280 27
338 15
277 339
67 346
397 301
83 133
10 102
350 47
365 6
149 68
70 313
140 47
208 179
218 29
56 325
312 259
246 350
20 273
196 271
278 287
286 297
344 81
18 23
345 321
48 345
307 307
129 82
367 370
383 130
149 269
381 196
107 222
18 238
60 31
250 319
97 142
167 377
50 143
146 21
45 109
175 253
133 51
33 130
165 248
103 190
377 389
201 262
346 224
286 219
226 278
163 149
50 276
385 244
114 382
131 363
35 218
71 101
14 3
230 196
308 366
68 382
16 290
97 275
307 311
94 13
365 308
151 243
321 80
387 67
146 253
229 20
396 366
13 265
354 96
53 258
279 132
173 18
47 134
370 176
177 117
57 342
389 45
317 12
302 225
18 73
388 182
353 379
35 22
320 20
45 2
359 354
173 106
200 365
175 385
194 366
388 356
119 310
207 269
368 198
318 221
319 128
46 13
9 61
343 180
285 365
172 27
341 77
204 282
215 159
117 18
244 63
340 383
0 260
286 87
234 341
326 356
128 368
92 176
237 237
171 328
13 36
364 19
88 186
283 117
129 88
202 393
261 53
347 301
250 346
82 314
135 357
163 369
280 248
396 64
143 120
269 168
28 162
284 359
277 139
382 110
320 154
100 357
364 323
132 153
202 379
394 310
42 350
79 319
249 371
269 361
87 16
346 324
249 160
20 195
317 271
298 327
356 303
83 265
15 87
217 112
308 302
183 391
149 142
378 289
198 398
145 304
170 264
399 230
63 287
318 374
370 330
37 161
141 53
249 83
51 278
295 34
242 99
139 295
283 316
1 321
50 103
148 247
344 316
120 20
143 171
318 86
81 9
227 284
254 73
24 196
68 316
376 3
162 131
392 127
86 381
152 140
64 114
288 380
50 71
311 129
197 83
348 107
332 372
253 67
247 131
308 21
326 303
195 387
52 368
389 307
288 212
167 282
232 210
374 270
278 59
133 40
303 102
142 316
338 167
149 394
65 78
281 276
193 46
276 337
110 314
208 127
269 43
337 187
281 245
356 348
103 343
146 51
283 14
384 142
135 286
288 31
271 74
102 46
301 347
85 61
352 16
262 352
42 69
197 319
178 236
222 312
49 199
245 281
18 51
222 163
180 232
121 72
362 83
19 152
79 327
383 384
287 171
92 319
14 21
81 64
230 93
217 262
92 17
350 71
266 267
24 59
329 182
24 293
371 290
289 29
202 156
21 135
332 368
131 255
272 183
310 335
343 202
139 60
110 319
326 344
109 394
143 349
124 123
362 358
137 177
395 174
332 194
228 80
46 216
34 358
98 152
340 165
339 75
336 111
179 188
245 331
42 317
262 258
170 67
73 192
73 272
289 34
84 153
30 22
215 8
110 9
89 179
168 374
202 379
189 315
206 258
4 323
210 44
102 211
370 170
260 86
76 71
327 371
234 166
257 91
144 330
341 267
44 361
301 113
54 50
336 357
231 277
238 226
306 14
244 142
191 93
216 289
8 297
232 213
369 294
297 18
299 271
330 312
190 66
177 52
144 383
20 73
107 42
62 356
191 384
52 315
379 364
369 52
12 239
271 37
227 252
129 123
286 89
367 234
155 241
294 130
215 335
84 174
312 11
17 307
84 336
206 75
289 107
22 289
335 326
244 250
79 305
141 327
198 184
302 250
338 207
265 15
113 137
5 220
313 187
0 380
43 58
270 18
393 326
174 46
50 395
35 210
103 307
348 391
180 114
153 152
41 338
92 108
288 71
259 91
284 200
48 273
57 263
396 222
49 45
29 73
4 247
194 286
363 383
272 131
155 227
191 374
66 217
395 55
354 296
91 41
95 149
58 320
221 271
378 371
122 99
40 54
39 274
73 369
251 396
129 276
132 223
397 99
324 127
120 148
264 220
208 328
375 172
21 40
52 5
181 43
314 142
158 120
347 80
360 248
23 205
398 113
213 8
25 4
315 105
365 172
15 341
259 369
73 44
204 116
84 168
147 224
104 224
257 239
183 73
23 86
303 129
169 337
107 248
37 261
113 352
175 388
286 172
144 390
332 193
135 152
188 293
231 266
25 202
222 9
198 187
102 27
184 285
212 324
366 336
7 21
176 320
359 102
99 379
267 96
359 227
25 102
16 14
149 68
311 235
36 203
358 57
6 70
309 56
358 42
371 275
238 51
4 189
362 146
83 393
68 49
176 317
231 285
249 283
306 397
223 308
58 115
330 89
369 377
51 356
215 211
161 129
211 252
245 25
175 6
330 359
284 61
144 104
8 172
391 308
266 101
16 389
306 241
152 4
243 12
296 347
59 2
378 285
297 176
342 264
368 41
326 221
314 204
79 61
229 176
259 161
303 136
241 100
310 271
288 271
153 60
155 109
75 333
69 95
41 375
172 104
376 346
49 69
336 134
266 234
14 390
144 56
150 118
189 267
281 187
162 39
186 222
51 35
253 131
364 234
265 394
12 117
48 69
239 252
63 249
0 65
12 141
78 376
10 245
278 196
249 205
36 325
316 337
104 364
212 177
45 180
31 228
209 360
304 32
263 337
82 329
167 318
199 255
52 240
59 181
245 29
127 207
313 24
32 187
2 274
25 192
125 292
353 395
202 152
319 13
87 46
223 147
290 375
141 179
388 333
76 134
330 119
394 99
163 43
264 91
128 56
99 383
357 344
116 290
325 136
59 123
84 267
230 121
130 171
131 110
303 395
390 173
49 358
300 140
226 10
62 10
273 382
159 30
249 201
343 293
49 103
6 360
367 286
380 154
162 65
6 334
241 22
138 359
102 150
165 284
251 133
58 341
205 269
105 363
367 148
156 195
123 215
117 12
46 23
83 208
259 164
7 369
307 339
288 196
5 53
308 100
304 96
399 278
184 105
209 166
35 299
306 156
15 270
91 92
375 133
73 320
381 216
145 293
376 226
284 169
328 106
69 337
264 142
147 105
12 102
289 299
273 380
20 219
50 241
116 10
239 362
181 223
201 76
208 92
21 124
105 343
288 389
371 32
352 120
167 180
194 365
193 392
364 188
71 46
374 161
341 2
313 104
212 168
385 391
234 109
110 239
312 167
248 289
153 114
92 299
98 250
97 156
141 304
103 389
174 299
35 315
96 82
114 54
70 150
293 297
60 391
46 42
106 169
374 80
194 85
196 85
173 310
330 190
25 280
366 87
275 252
0 383
222 27
137 131
308 230
394 282
27 34
243 195
241 171
285 369
27 353
267 345
128 79
39 362
164 60
284 167
281 104
239 99
151 115
266 302
193 131
178 317
148 26
276 123
399 146
153 159
125 82
311 79
254 243
344 257
66 173
69 269
82 298
1 257
111 85
339 249
367 369
22 356
103 157
295 261
123 135
391 245
302 317
378 298
333 291
29 227
54 305
259 392
187 166
325 102
205 365
394 17
202 131
301 205
221 237
61 119
269 349
224 236
333 375
4 42
292 10
305 217
29 344
340 312
107 350
371 101
77 382
143 83
190 373
45 13
326 211
131 167
196 337
245 355
193 337
14 211
7 149
63 254
362 11
294 183
165 168
208 30
239 377
76 287
352 7
175 288
323 251
104 164
151 277
295 162
178 374
137 170
86 6
208 36
269 37
294 364
107 6
109 372
279 34
347 126
398 13
238 43
221 269
366 111
313 11
302 149
212 114
297 207
46 230
110 397
242 83
136 209
195 285
196 112
8 29
350 67
124 45
170 61
298 140
39 126
205 344
263 239
112 241
300 4
19 232
363 340
153 115
215 9
111 62
238 357
144 97
89 384
221 74
291 205
66 104
64 98
181 268
271 298
275 149
242 94
308 141
366 216
144 346
55 75
317 360
45 94
34 180
397 205
378 52
187 14
298 146
393 163
127 154
230 361
278 183
212 365
136 188
393 277
142 257
244 128
252 164
290 59
154 114
331 241
261 243
103 50
138 96
376 27
53 93
302 13
182 113
379 297
125 41
270 137
396 206
3 178
376 118
369 317
102 373
282 385
13 4
130 308
122 267
121 281
303 75
332 102
94 209
264 306
256 114
137 348
101 117
303 77
235 373
121 64
53 12
348 36
117 381
144 240
162 148
283 118
190 28
392 16
201 120
125 213
117 256
291 109
308 247
36 166
118 129
53 297
5 118
116 254
123 305
311 119
99 286
45 310
306 356
59 298
398 51
238 160
250 399
78 312
15 133
79 125
199 280
21 287
349 339
96 239
298 17
223 184
372 159
250 283
227 197
366 146
397 107
358 211
181 322
130 346
81 67
238 13
306 95
16 57
19 124
176 28
301 25
161 111
318 398
45 243
324 125
331 344
261 72
272 163
135 87
174 50
33 392
204 116
78 64
119 204
9 244
137 252
205 290
252 112
273 229
79 229
211 243
395 41
68 1
278 251
378 325
171 330
68 330
283 285
337 237
255 372
115 72
218 29
114 166
47 348
255 193
310 389
62 196
117 203
172 37
82 150
253 228
298 320
275 159
318 159
255 322
205 123
204 41
262 188
387 1
281 104
283 310
215 125
245 171
278 123
372 172
306 315
156 281
213 389
127 37
122 311
369 185
280 129
382 357
300 69
74 302
388 178
302 356
142 2
312 97
395 192
239 215
399 353
157 314
254 26
275 132
275 313
16 68
276 376
138 244
296 338
187 285
7 143
213 206
119 73
31 121
178 396
273 222
241 389
239 34
299 96
294 2
292 61
82 286
363 118
33 106
361 291
316 146
96 350
185 218
180 142
168 181
2 184
27 249
366 338
376 255
210 288
216 180
108 324
74 109
224 179
278 53
353 61
89 305
88 80
134 337
276 393
312 359
280 234
225 374
181 20
67 63
344 173
247 219
161 56
398 273
113 270
197 341
311 76
330 176
385 341
117 111
200 389
307 334
117 380
296 171
354 1
313 278
28 278
79 185
37 213
235 299
347 159
308 383
174 66
23 217
106 0
170 393
72 288
382 166
113 153
163 20
173 358
142 54
356 172
175 261
176 287
335 21
187 209
278 45
274 76
4 228
172 103
215 101
257 59
148 161
98 218
73 167
333 240
250 11
178 399
332 241
375 172
71 73
120 48
189 159
101 397
382 240
94 71
104 335
37 319
13 307
81 304
48 69
26 16
37 390
358 299
357 188
269 274
303 224
363 26
312 152
201 255
154 54
232 2
341 210
134 254
165 391
197 221
138 158
267 146
22 389
81 50
311 66
7 254
144 365
386 291
78 303
218 341
148 75
264 362
16 275
216 215
338 99
123 121
28 389
85 126
339 379
127 104
187 255
121 228
345 70
242 248
316 183
115 140
395 348
356 185
78 187
91 289
247 147
36 269
269 202
397 184
335 375
101 333
170 111
12 235
194 45
143 67
16 80
210 104
196 189
165 219
343 200
225 196
315 47
348 131
37 2
343 49
19 241
30 122
161 371
319 330
38 341
31 384
348 323
140 201
186 32
198 267
212 68
286 216
316 379
20 122
177 352
353 140
247 243
146 13
365 327
39 8
297 183
195 289
305 367
198 206
318 242
254 297
312 75
259 397
18 161
79 78
217 327
68 43
137 87
119 95
66 293
67 12
309 382
348 9
192 134
149 311
72 28
267 77
224 60
320 379
214 197
36 163
253 183
385 69
59 187
28 194
168 97
258 58
384 111
388 224
289 230
196 0
92 395
117 67
311 62
269 270
283 101
254 81
219 338
158 85
115 305
349 289
330 64
161 189
6 165
74 126
104 28
326 114
238 77
171 204
276 65
35 297
109 315
40 118
37 125
119 32
370 189
189 383
220 384
41 309
159 6
146 330
115 90
389 343
36 41
39 12
229 198
279 63
287 145
231 84
332 103
193 51
67 330
367 315
313 29
22 53
252 328
124 215
382 87
190 388
97 164
293 394
181 169
16 289
135 264
203 361
50 125
156 5
268 245
188 227
143 279
258 24
221 90
89 10
239 167
297 126
110 181
110 79
63 334
318 374
303 194
43 34
131 367
134 29
144 201
310 56
83 341
366 258
376 282
176 258
245 250
88 348
95 30
152 40
238 20
19 138
69 51
61 104
377 110
125 324
344 175
90 313
60 223
81 164
137 224
182 247
258 269
239 328
357 307
244 165
48 3
106 212
274 275
235 185
200 364
162 309
355 362
127 49
324 106
350 312
311 160
373 395
216 204
107 44
301 368
126 123
235 0
266 171
81 97
6 334
64 305
61 232
246 95
334 322
181 288
301 294
128 44
352 334
56 14
270 353
372 364
220 115
147 234
107 219
350 359
383 262
249 137
54 52
320 155
112 240
288 301
102 307
331 316
8 276
137 285
281 65
386 359
108 240
47 207
177 380
107 208
118 265
55 181
275 7
337 295
314 336
35 180
18 231
315 62
231 72
285 338
374 101
150 26
181 99
143 189
210 313
286 394
89 271
235 125
218 253
232 55
34 24
267 262
209 134
96 363
179 131
266 269
162 370
94 201
234 346
123 153
334 248
350 386
334 287
209 275
167 259
35 391
398 339
263 250
202 356
284 362
286 104
389 207
294 228
2 23
202 369
305 189
78 71
187 319
63 158
36 314
380 204
333 289
284 299
67 38
176 335
307 182
371 0
161 57
235 205
82 3
340 73
226 374
111 399
123 256
232 304
158 333
257 363
264 322
142 274
108 365
152 383
221 174
182 64
45 117
347 307
295 290
215 310
164 290
385 141
172 124
67 125
163 121
278 4
62 162
62 77
10 192
381 353
190 243
52 364
254 181
241 166
56 287
174 283
379 246
330 21
171 269
256 91
76 24
66 162
113 98
153 368
289 295
260 43
241 144
126 1
172 61
180 78
364 114
322 339
294 110
29 265
365 3
352 382
320 327
295 60
316 203
275 362
253 234
98 234
41 282
394 141
294 263
131 178
359 265
253 255
182 152
78 245
230 352
9 50
190 118
329 210
162 234
203 321
291 382
148 294
122 257
129 192
385 109
209 313
250 5
399 319
64 340
250 163
144 193
144 166
306 37
58 83
118 313
296 225
194 150
158 116
292 60
284 116
380 226
80 69
380 139
36 32
318 340
70 118
172 102
49 4
58 54
319 56
347 29
9 227
38 114
170 152
263 149
80 274
126 317
120 67
285 84
29 73
82 190
92 386
145 148
237 2
60 280
262 57
160 1
316 229
271 146
372 210
187 29
160 285
361 389
223 348
317 300
276 72
135 319
85 179
325 60
381 205
354 323
106 286
168 132
226 354
167 40
326 3
38 191
295 202
205 340
146 70
61 353
167 142
343 301
155 178
302 313
105 315
233 253
11 281
303 392
220 398
233 154
7 318
208 385
133 258
380 340
239 292
86 73
48 275
209 183
389 202
339 261
316 94
60 42
112 146
212 328
292 171
21 129
20 91
101 351
13 287
212 335
345 11
258 377
387 234
340 55
346 235
80 181
322 253
356 177
202 93
47 173
83 389
374 46
16 232
261 65
229 164
216 249
290 161
30 385
373 45
114 173
386 335
117 163
305 244
265 36
197 395
264 313
159 301
215 192
272 220
136 198
24 280
345 255
90 100
369 343
59 287
262 10
306 89
213 142
332 143
18 186
81 234
288 57
40 389
42 108
96 299
340 236
299 56
117 76
174 348
40 300
183 391
84 228
308 276
341 86
170 133
276 60
242 195
5 137
161 325
325 348
118 379
206 251
53 76
18 343
81 100
182 287
102 95
384 187
373 340
260 317
287 351
327 91
59 96
325 180
130 323
144 120
159 89
235 377
96 238
49 132
231 140
47 51
217 128
292 121
236 252
154 176
275 311
271 386
262 173
209 362
148 246
144 42
204 245
276 88
255 344
361 268
359 4
52 395
161 173
250 301
318 311
168 296
41 295
365 2
78 236
362 59
235 44
173 303
15 243
158 133
82 109
281 140
245 157
176 393
129 173
8 274
76 238
43 183
88 219
341 88
169 343
177 337
399 51
141 392
39 58
242 326
66 285
384 272
240 219
198 180
56 286
270 49
166 270
199 228
22 273
354 177
38 94
208 104
214 99
323 127
33 390
353 195
86 123
228 393
152 312
348 387
206 247
0 95
332 386
34 378
374 107
349 12
344 359
169 101
170 161
227 135
56 207
10 300
361 57
100 146
164 78
98 272
106 382
170 207
267 180
176 28
159 165
217 172
2 294
249 220
398 346
162 262
219 82
134 77
150 189
360 54
344 222
156 353
106 372
31 59
252 12
149 336
339 341
15 191
137 44
34 344
191 52
265 85
218 178
86 208
142 370
120 271
235 318
0 396
304 100
32 20
160 180
183 246
172 258
231 149
118 357
356 89
357 339
314 386
16 331
308 262
196 120
